0 27276
1 11922
2 11425
3 14946
4 27949
5 20367
6 17367
7 39590
8 23449
9 15540
10 10557
11 12931
12 17707
13 14534
14 6416
15 4338
16 8531
17 12581
18 4635
19 5124
20 3450
21 3946
22 4485
23 7595
24 6079
25 4556
26 3484
27 5534
28 6704
29 3117
30 4634
31 3480
32 3155
33 5305
34 1740
35 1547
36 4852
37 2832
38 2017
39 3573
40 13190
41 4760
42 16150
43 4605
44 3352
45 3404
46 2925
47 6393
48 3582
49 3862
50 2369
51 2348
52 1983
53 2372
54 2328
55 2122
56 5075
57 4910
58 3549
59 2894
60 6066
61 3715
62 1132
63 2475
64 3647
65 4998
66 3257
67 1812
68 2119
69 1933
70 4833
71 2619
72 5317
73 4048
74 1605
75 936
76 1222
77 2801
78 1479
79 1442
80 1687
81 3270
82 1403
83 2443
84 1823
85 4101
86 3312
87 2329
88 7136
89 3510
90 1861
91 2524
92 3213
93 1854
94 3159
95 3976
96 3290
97 2245
98 2310
99 516
